Peta 2,4 3,4 3,5 5,5 6,5 6,6 7,7 8,8 9,9 10,9 10,10 11,10 11,11 12,11 12,12 13,12 15,13 15,15 16,14 16,15 17,16 17,17, 18,18 19,19 20,21 19,23 18,23 17,23 16,23 16,22 15,21 14,20 13,19 12,18, 12,17 11,17 10,16 10,14 9,13 9,12 8,11 7,10 7,9 5,8 5,7 4,7 2,5 -1000,-1000 20,24 21,23 22,24 24,25 25,24 25,25 26,25 27,25 28,24 29,24 30,25 31,25 33,26 34,26 34,27 33,28 32,27 30,27 28,28 26,28 25,27 24,27 23,27 22,27 21,26 -1000,-1000 36,29 36.5,28.5 37,27.5 37.5,28 38,28 -1000,-1000 39,26.5 40,28 41,29.5 42,28.5 41,26 -1000,-1000 43,29 43,28 44,27 46,27 46,28 47,28 48,27 48,26 49,27 48,28 46,29 44,30 44,31 43,30  -1000,-1000 49,31 50,29 50,28 51,28 54,27 55,27 54,29 54,30 51,30 -1000,-1000 25,11 27,12 28,13 30,12 31,11 32,12 33,12 34,12 34,10 35,8 36,7 37,7 38,8 39,8 39,10 38,11 39,11 40,11 39,11 40,12 41,12 42,13 41,14 39,14 37,16 37,17 36,18 37,19 36,20 34,20 33,19 32,18 29,18 27,18 26,17 26,16 25,16 25,15 24,14 25,13 -1000,-1000 42,23 42,22 42,20 41,20 40,18 42,17 42,15 42,14 43,13 44,12 46,12 47,11 48,12 50,12 51,11 51,12 51,13 50,13 47,14 45,13 44,13 44,14 44,15 45,15 47,15 49,16 48,17 47,16 45,16 46,18 47,19 46,19 48,21 48,22 47,22 46,21 45,20 44,21 45,22 44,23 -1000,-1000 55,11 56,10 56,11 57,11 57,12 58,13 56,13 55,12 -1000,-1000 53,19 54,18 55,19 57,20 55,21 53,20 -1000,-1000 58,18 60,19 62,19 63,19 64,19.5 63,20 62,21 61,21 59,20 58,20 -1000,-1000 60,10 61,9 62,8 64,9 66,10 66,12 67,13 70,11 71,11 72,10 75,11 76,14 75,17 76,18 75,22 73,21 74,19 72,17 71,16 70,16 68,15 65,14 63,13 64,12 64,11 63,12 62,12 60,11 61,9 -1000,-1000 66,22 67,21 67,23 68,25 66,24 -1000,-1000 72,25 74,24 75,26 72,27;

Sumatra 2,4 3,4 3,5 5,5 6,5 6,6 7,7 8,8 9,9 10,9 10,10 11,10 11,11 12,11 12,12 13,12 15,13 15,15 16,14 16,15 17,16 17,17, 18,18 19,19 20,21 19,23 18,23 17,23 16,23 16,22 15,21 14,20 13,19 12,18, 12,17 11,17 10,16 10,14 9,13 9,12 8,11 7,10 7,9 5,8 5,7 4,7 2,5;

Jawa 8,25 29,24 20,24 21,24 22,24 24,24 25,24 25,25 26,25 27,25 28,24 29,24 30,25 31,26 33,26 34,27 34,28 33,28 32,27 30,28 28,27 26,26 24,26 23,25 22,25 21,25;

Jawa 20,24 21,23 23,23 24,24 25,23 27,24 28,23 30,24 31,26 32,27 30,28 29,29 28,28 27,27 26,27 25,28 24,27 23,28 22,27 21,26 20,25; 

Bali 33,26 34,27 34,29 33,28 -1000,-1000 36,29 36,27 38,27 39,28 38,28 -1000,-1000 39,27 39,28 41,30 42,28 42,27;

NTT 43,29 43,28 44,27 46,27 46,28 47,28 48,27 48,26 48,28 46,29 44,30 44,31 43,30 -1000,-1000 49,31 50,29 50,28 51,28 54,27 55,27 54,29 54,30 51,30

Kalimantan 25,11 27,12 28,13 30,12 31,11 32,12 33,12 34,12 34,10 35,8 36,7 37,7 38,8 39,8 39,10 38,11 39,11 40,11 39,11 40,12 41,12 42,13 41,14 39,14 37,16 37,17 36,18 37,19 36,20 34,20 33,19 32,18 29,18 27,18 26,17 26,16 25,16 25,15 24,14 25,13;

Sulawesi 42,23 42,22 42,20 41,20 40,18 42,17 42,15 42,14 43,13 44,12 46,12 47,11 48,12 50,12 51,11 51,12 51,13 50,13 47,14 45,13 44,13 44,14 44,15 45,15 47,15 49,16 48,17 47,16 45,16 46,18 47,19 48,19 47,20 46,21 45,20 44,21 45,22 44,23;

Maluku 55,11 56,10 56,11 57,11 57,12 58,13 56,13 55,12 -1000,-1000 53,19 54,18 55,19 57,20 55,21 53,20 -1000,-1000 58,18 60,19 62,20 59,19 58,21;

Papua 60,10 61,9 62,8 64,9 66,10 66,12 67,13 70,11 72,10 75,11 76,14 75,17 76,18 75,22 73,21 74,19 72,17 71,16 70,16 68,15 65,14 63,13 64,12 63,12 62,12 60,11 61,9;

Lain 66,22 67,21 67,23 68,25 66,24 -1000,-1000 72,25 74,24 75,26 72,27;