Dua 61,56,0,0 64,56,0,0 64,58,0,0 68,58,0,0 68,57,0,0 69,57,0,0 69,55,0,0 70,55,0,0 70,46,0,0 69,46,0,0 69,44,0,0 68,44,0,0 68,43,0,0 64,43,0,0 64,45,0,0 61,45,0,0 255,255,255,255;

Tiga 70,47,0,0 81,47,0,0 81,42,0,0 79,42,0,0 79,28,0,0 80,28,0,0 80,32,0,0 84,32,0,0 84,24,0,0 75,24,0,0 75,37,0,0 74,37,0,0 74,27,0,0 70,27,0,0 255,255,255,255;

Empat 82,47,0,0 96,47,0,0 96,35,0,0 98,35,0,0 98,30,0,0 86,30,0,0 86,44,0,0 85,44,0,0 85,34,0,0 82,34,0,0 255,255,255,255;

LimaCC 91,65,0,0 95,65,0,0 95,53,0,0 91,53,0,0 255,255,255,255;

Enam 56,77,0,0 58,77,0,0 58,70,0,0 56,70,0,0 56,71,0,0 54,72,0,0 56,73,0,0 255,255,255,255;

Tujuh 61,87,0,0 64,87,0,0 64,90,0,0 68,90,0,0 68,89,0,0 69,89,0,0 69,87,0,0 70,87,0,0 70,77,0,0 69,77,0,0 69,76,0,0 68,76,0,0 68,75,0,0 64,75,0,0 64,77,0,0 61,77,0,0 61,87,0,0 64,87,0,0 64,87,4,0 61,87,4,0 255,255,255,255;

Sembilan 64,99,0,0 73,99,0,0 73,102,0,0 70,102,0,0 70,103,0,0 68,103,0,0 68,104,0,0 64,104,0,0
66,98,0,0 69,98,0,0 69,94,0,0 66,94,0,0 255,255,255,255 -1000,-1000,-1000,-1000 70,98,0,0 74,98,0,0 74,95,0,0 70,95,0,0 255,255,255,255 -1000,-1000,-1000,-1000 70,93,0,0 74,93,0,0 74,90,0,0 70,90,0,0 255,255,255,255 -1000,-1000,-1000,-1000 75,99,0,0 79,99,0,0 79,89,0,0 75,89,0,0;

Sepuluh 76,111,0,0 80,111,0,0 80,100,0,0 76,100,0,0 255,255,255,255;

Sebelas 84,111,0,0 88,111,0,0 88,100,0,0 84,100,0,0 255,255,255,255;

DuaBelas 83,99,0,0 88,99,0,0 88,87,0,0 80,87,0,0 80,91,0,0 83,92,0,0 255,255,255,255;

TigaBelas 92,111,0,0 96,111,0,0 96,90,0,0 97,90,0,0 97,87,0,0 91,87,0,0 91,90,0,0 92,90,0,0 92,103,0,0 91,103,0,0 91,105,0,0 92,105,0,0 255,255,255,255;

LimaBelas 111,117,0,0 117,117,0,0 117,105,0,0 111,105,0,0 111,109,0,0 113,109,0,0 113,114,0,0 111,114,0,0 255,255,255,255;

EnamBelas 119,94,0,0 113,94,0,0 113,68,0,0 119,68,0,0 255,255,255,255;
TujuhBelas 109,94,0,0 103,94,0,0 103,68,0,0 109,68,0,0 255,255,255,255;
DelapanBelas 109,65,0,0 103,65,0,0 103,39,0,0 109,39,0,0 255,255,255,255;
SembilanBelas 119,65,0,0 113,65,0,0 113,39,0,0 119,39,0,0 255,255,255,255;
DuaPuluh 106,37,0,0 101,37,0,0 101,25,0,0 106,25,0,0 255,255,255,255;

DuaPuluhSatu 107,19,0,0 111,19,0,0 111,11,0,0 107,11,0,0 255,255,255,255 -1000,-1000,-1000,-1000 92,22,0,0 96,22,0,0 96,13,0,0 92,13,0,0 255,255,255,255 -1000,-1000,-1000,-1000 87,22,0,0 91,22,0,0 91,11,0,0 87,11,0,0 255,255,255,255 -1000,-1000,-1000,-1000 85,17,0,0 86,17,0,0 86,16,0,0 87,14,0,0 85.5,12,0,0 84,14,0,0 85,16,0,0 255,255,255,255 -1000,-1000,-1000,-1000 81,21,0,0 84,21,0,0 84,11,0,0 81,11,0,0 255,255,255,255 -1000,-1000,-1000,-1000 70,20,0,0 79,20,0,0 79,16,0,0 70,16,0,0 255,255,255,255;

DuaPuluhDua 109,29,0,0 112,31,0,0 116,31,0,0 118,29,0,0 118,25,0,0 116,22,0,0 112,22,0,0 109,25,0,0 255,255,255,255;

DuaPuluhTiga 126,29,0,0 120,29,0,0 120,25,0,0 126,25,0,0 232,222,148,255 -1000,-1000,-1000,-1000 121,25,0,0 124,25,0,0 124,22,0,0 121,22,0,0 255,255,255,255 -1000,-1000,-1000,-1000 125,21,0,0 120,21,0,0 120,12,0,0 125,12,0,0 232,222,148,255 -1000,-1000,-1000,-1000 126,21,0,0 131,21,0,0 131,12,0,0 126,12,0,0 39,89,6,255 -1000,-1000,-1000,-1000 132,30,0,0 141,30,0,0 141,12,0,0 132,12,0,0 255,255,255,255 -1000,-1000,-1000,-1000 143,27,0,0 144,27,0,0 144,28,0,0 146,28,0,0 146,27,0,0 147,27,0,0 147,18,0,0 146,18,0,0 146,14,0,0 145,14,0,0 145,19,0,0 143,19,0,0 255,255,255,255;

DuaPuluhEmpat 131,47,0,0 138,47,0,0 138,33,0,0 128,33,0,0 138,36,0,0 131,36,0,0 131,39,0,0 128,39,0,0 128,42,0,0 130,42,0,0 255,255,255,255;

DuaPuluhLima 140,47,0,0 148,47,0,0 148,33,0,0 140,33,0,0 255,255,255,255;

DuaPuluhEnam 140,60,0,0 144,63,0,0 146,63,0,0 150,60,0,0 150,58,0,0 147,54,0,0 255,255,255,255;

DuaPuluhTujuh 128,60,0,0 132,63,0,0 134,63,0,0 138,60,0,0 138,58,0,0 135,54,0,0 128,54,0,0 255,255,255,255;

DuaPuluhDelapan 141,81,0,0 142,82,0,0 146,82,0,0 147,81,0,0 147,70,0,0 144,70,0,0 141,73,0,0 255,255,255,255;

DuaPuluhSembilan 133,70,0,0 132,71,0,0 132,81,0,0 133,82,0,0 137,82,0,0 138,81,0,0 138,73,0,0 135,70,0,0 255,255,255,255;

TigaPuluhB 125,92,0,0 132,92,0,0 132,84,0,0 125,84,0,0 255,255,255,255;

TigaPuluhSatu 134,117,0,0 139,118,0,0 141,101,0,0 135,100,0,0 255,255,255,255;

TigaPuluhDua 140,122,0,0 151,123,0,0 152,121,0,0 143,120,0,0 145,101,0,0 142,101,0,0 255,255,255,255 -1000,-1000,-1000,-1000 143,120,0,0 147,120,0,0 147,113,0,0 144,113,0,0 255,255,255,255 -1000,-1000,-1000,-1000 146,111,0,0 155,112,0,0 155,107,0,0 146,107,0,0 255,255,255,255;

TigaPuluhTiga 157,99,0,0 162,99,0,0 160,125,0,0 156,125,0,0 156,124,0,0 154,124,0,0 154,121,0,0 156,121,0,0 158,106,0,0 157,106,0,0 255,255,255,255;

TigaPuluhEnam 156,82,0,0 156,71,0,0 169,82,0,0 169,71,0,0 156,71,0,0 255,255,255,255;

TigaPuluhTujuh 155,62,0,0 169,62,0,0 169,61,0,0 170,61,0,0 170,60,0,0 171,60,0,0 171,52,0,0 167,52,0,0 167,54,0,0 155,54,0,0 255,255,255,255;
TigaPuluh 132,92,0,0 148,92,0,0 148,83,0,0 132,83,0,0 255,255,255,255;

TigaPuluhSembilan 149,29,0,0 153,29,0,0 153,27,0,0 156,27,0,0 156,25,0,0 153,25,0,0 153,21,0,0 149,21,0,0 255,255,255,255 -1000,-1000,-1000,-1000 149,21,0,0 156,21,0,0 156,19,0,0 149,19,0,0 255,255,255,255 -1000,-1000,-1000,-1000 151,19,0,0 154,19,0,0 154,14,0,0 151,14,0,0 255,255,255,255 -1000,-1000,-1000,-1000 156,33,0,0 159,33,0,0 159,16,0,0 156,16,0,0 255,255,255,255 -1000,-1000,-1000,-1000 160,37,0,0 163,37,0,0 163,19,0,0 160,19,0,0 255,255,255,255;

EmpatPuluh 165,37,0,0 168,37,0,0 168,19,0,0 165,19,0,0 255,255,255,255;

default 56,63,0,0 58,63,0,0 58,56,0,0 56,56,0,0 56,60,0,0 55,61,0,0 56,62,0,0 255,255,255,255 -1000,-1000,-1000,-1000 61,56,0,0 64,56,0,0 64,58,0,0 68,58,0,0 68,57,0,0 69,57,0,0 69,55,0,0 70,55,0,0 70,46,0,0 69,46,0,0 69,44,0,0 68,44,0,0 68,43,0,0 64,43,0,0 64,45,0,0 61,45,0,0 255,255,255,255 -1000,-1000,-1000,-1000 70,47,0,0 81,47,0,0 81,42,0,0 79,42,0,0 79,28,0,0 80,28,0,0 80,32,0,0 84,32,0,0 84,24,0,0 75,24,0,0 75,37,0,0 74,37,0,0 74,27,0,0 70,27,0,0 255,255,255,255 -1000,-1000,-1000,-1000 82,47,0,0 96,47,0,0 96,35,0,0 98,35,0,0 98,30,0,0 86,30,0,0 86,44,0,0 85,44,0,0 85,34,0,0 82,34,0,0 255,255,255,255 -1000,-1000,-1000,-1000 91,65,0,0 95,65,0,0 95,53,0,0 91,53,0,0 255,255,255,255 -1000,-1000,-1000,-1000 56,77,0,0 58,77,0,0 58,70,0,0 56,70,0,0 56,71,0,0 54,72,0,0 56,73,0,0 255,255,255,255 -1000,-1000,-1000,-1000 61,87,0,0 64,87,0,0 64,90,0,0 68,90,0,0 68,89,0,0 69,89,0,0 69,87,0,0 70,87,0,0 70,77,0,0 69,77,0,0 69,76,0,0 68,76,0,0 68,75,0,0 64,75,0,0 64,77,0,0 61,77,0,0 61,87,0,0 64,87,0,0 255,255,255,255 -1000,-1000,-1000,-1000 73,84,0,0 77,84,0,0 77,78,0,0 73,78,0,0 255,255,255,255 -1000,-1000,-1000,-1000 64,99,0,0 73,99,0,0 73,102,0,0 70,102,0,0 70,103,0,0 68,103,0,0 68,104,0,0 64,104,0,0 66,98,0,0 69,98,0,0 69,94,0,0 66,94,0,0 255,255,255,255 -1000,-1000,-1000,-1000 70,98,0,0 74,98,0,0 74,95,0,0 70,95,0,0 255,255,255,255 -1000,-1000,-1000,-1000 70,93,0,0 74,93,0,0 74,90,0,0 70,90,0,0 255,255,255,255 -1000,-1000,-1000,-1000 75,99,0,0 79,99,0,0 79,89,0,0 75,89,0,0 -1000,-1000,-1000,-1000 76,111,0,0 80,111,0,0 80,100,0,0 76,100,0,0 255,255,255,255 -1000,-1000,-1000,-1000 84,111,0,0 88,111,0,0 88,100,0,0 84,100,0,0 255,255,255,255 -1000,-1000,-1000,-1000 83,99,0,0 88,99,0,0 88,87,0,0 80,87,0,0 80,91,0,0 83,92,0,0 255,255,255,255 -1000,-1000,-1000,-1000 92,111,0,0 96,111,0,0 96,90,0,0 97,90,0,0 97,87,0,0 91,87,0,0 91,90,0,0 92,90,0,0 92,103,0,0 91,103,0,0 91,105,0,0 92,105,0,0 255,255,255,255 -1000,-1000,-1000,-1000 118,116,0,0 122,116,0,0 122,99,0,0 118,99,0,0 255,255,255,255 -1000,-1000,-1000,-1000 111,117,0,0 117,117,0,0 117,105,0,0 111,105,0,0 111,109,0,0 113,109,0,0 113,114,0,0 111,114,0,0 255,255,255,255 -1000,-1000,-1000,-1000 119,94,0,0 113,94,0,0 113,68,0,0 119,68,0,0 255,255,255,255 -1000,-1000,-1000,-1000 109,94,0,0 103,94,0,0 103,68,0,0 109,68,0,0 255,255,255,255 -1000,-1000,-1000,-1000 109,65,0,0 103,65,0,0 103,39,0,0 109,39,0,0 255,255,255,255 -1000,-1000,-1000,-1000 119,65,0,0 113,65,0,0 113,39,0,0 119,39,0,0 255,255,255,255 -1000,-1000,-1000,-1000 106,37,0,0 101,37,0,0 101,25,0,0 106,25,0,0 255,255,255,255 -1000,-1000,-1000,-1000 107,19,0,0 111,19,0,0 111,11,0,0 107,11,0,0 255,255,255,255 -1000,-1000,-1000,-1000 92,22,0,0 96,22,0,0 96,13,0,0 92,13,0,0 255,255,255,255 -1000,-1000,-1000,-1000 87,22,0,0 91,22,0,0 91,11,0,0 87,11,0,0 255,255,255,255 -1000,-1000,-1000,-1000 85,17,0,0 86,17,0,0 86,16,0,0 87,14,0,0 85.5,12,0,0 84,14,0,0 85,16,0,0 255,255,255,255 -1000,-1000,-1000,-1000 81,21,0,0 84,21,0,0 84,11,0,0 81,11,0,0 255,255,255,255 -1000,-1000,-1000,-1000 70,20,0,0 79,20,0,0 79,16,0,0 70,16,0,0 255,255,255,255 -1000,-1000,-1000,-1000 109,29,0,0 112,31,0,0 116,31,0,0 118,29,0,0 118,25,0,0 116,22,0,0 112,22,0,0 109,25,0,0 255,255,255,255 -1000,-1000,-1000,-1000 126,29,0,0 120,29,0,0 120,25,0,0 126,25,0,0 232,222,148,255 -1000,-1000,-1000,-1000 121,25,0,0 124,25,0,0 124,22,0,0 121,22,0,0 255,255,255,255 -1000,-1000,-1000,-1000 125,21,0,0 120,21,0,0 120,12,0,0 125,12,0,0 232,222,148,255 -1000,-1000,-1000,-1000 126,21,0,0 131,21,0,0 131,12,0,0 126,12,0,0 39,89,6,255 -1000,-1000,-1000,-1000 132,30,0,0 141,30,0,0 141,12,0,0 132,12,0,0 255,255,255,255 -1000,-1000,-1000,-1000 143,27,0,0 144,27,0,0 144,28,0,0 146,28,0,0 146,27,0,0 147,27,0,0 147,18,0,0 146,18,0,0 146,14,0,0 145,14,0,0 145,19,0,0 143,19,0,0 255,255,255,255 -1000,-1000,-1000,-1000 131,47,0,0 138,47,0,0 138,33,0,0 128,33,0,0 138,36,0,0 131,36,0,0 131,39,0,0 128,39,0,0 128,42,0,0 130,42,0,0 255,255,255,255 -1000,-1000,-1000,-1000 140,47,0,0 148,47,0,0 148,33,0,0 140,33,0,0 255,255,255,255 -1000,-1000,-1000,-1000 140,60,0,0 144,63,0,0 146,63,0,0 150,60,0,0 150,58,0,0 146,54,0,0 144,54,0,0 140,58,0,0 255,255,255,255 -1000,-1000,-1000,-1000 128,60,0,0 132,63,0,0 134,63,0,0 138,60,0,0 138,58,0,0 134,54,0,0 132,54,0,0 128,58,0,0 255,255,255,255 -1000,-1000,-1000,-1000 141,81,0,0 142,82,0,0 146,82,0,0 147,81,0,0 147,70,0,0 144,70,0,0 141,73,0,0 255,255,255,255 -1000,-1000,-1000,-1000 133,70,0,0 132,71,0,0 132,81,0,0 133,82,0,0 137,82,0,0 138,81,0,0 138,73,0,0 135,70,0,0 255,255,255,255 -1000,-1000,-1000,-1000 133,92,0,0 148,92,0,0 148,84,0,0 133,84,0,0 255,255,255,255 -1000,-1000,-1000,-1000 134,117,0,0 139,118,0,0 141,101,0,0 135,100,0,0 255,255,255,255 -1000,-1000,-1000,-1000 140,122,0,0 151,123,0,0 152,121,0,0 143,120,0,0 145,101,0,0 142,101,0,0 255,255,255,255 -1000,-1000,-1000,-1000 143,120,0,0 147,120,0,0 147,113,0,0 144,113,0,0 255,255,255,255 -1000,-1000,-1000,-1000 146,111,0,0 155,112,0,0 155,107,0,0 146,107,0,0 255,255,255,255 -1000,-1000,-1000,-1000 157,99,0,0 162,99,0,0 160,125,0,0 156,125,0,0 156,124,0,0 154,124,0,0 154,121,0,0 156,121,0,0 158,106,0,0 157,106,0,0 255,255,255,255 -1000,-1000,-1000,-1000 166,103,0,0 172,103,0,0 172,99,0,0 166,99,0,0 255,255,255,255, -1000,-1000,-1000,-1000 173,103,0,0 175,103,0,0 175,99,0,0 173,99,0,0 255,255,255,255 -1000,-1000,-1000,-1000 173,110,0,0 177,110,0,0 177,104,0,0 173,104,0,0 255,255,255,255 -1000,-1000,-1000,-1000 165,109,0,0 172,109,0,0 172,105,0,0 165,104,0,0 255,255,255,255 -1000,-1000,-1000,-1000 156,82,0,0 156,82,0,0 169,82,0,0 169,71,0,0 156,71,0,0 255,255,255,255 -1000,-1000,-1000,-1000 155,62,0,0 169,62,0,0 169,61,0,0 170,61,0,0 170,60,0,0 171,60,0,0 171,52,0,0 167,52,0,0 167,54,0,0 155,54,0,0 255,255,255,255 -1000,-1000,-1000,-1000 155,52,0,0 165,52,0,0 165,42,0,0 155,42,0,0 255,255,255,255 -1000,-1000,-1000,-1000 149,29,0,0 153,29,0,0 153,27,0,0 156,27,0,0 156,25,0,0 153,25,0,0 153,21,0,0 149,21,0,0 255,255,255,255 -1000,-1000,-1000,-1000 149,21,0,0 156,21,0,0 156,19,0,0 149,19,0,0 255,255,255,255 -1000,-1000,-1000,-1000 151,19,0,0 154,19,0,0 154,14,0,0 151,14,0,0 255,255,255,255 -1000,-1000,-1000,-1000 156,33,0,0 159,33,0,0 159,16,0,0 156,16,0,0 255,255,255,255 -1000,-1000,-1000,-1000 160,37,0,0 163,37,0,0 163,19,0,0 160,19,0,0 255,255,255,255 -1000,-1000,-1000,-1000 165,37,0,0 168,37,0,0 168,19,0,0 165,19,0,0 255,255,255,255 -1000,-1000,-1000,-1000 91,80,0,0 95,80,0,0 95,68,0,0 91,68,0,0 255,255,255,255 -1000,-1000,-1000,-1000 125,92,0,0 132,92,0,0 132,84,0,0 125,84,0,0 255,255,255,255;

a 0,0,0,0 100,0,0,0 100,100,0,0 0,100,0,0 0,255,255,255;

default2 56,63,0,0 58,63,0,0 58,56,0,0 56,56,0,0 56,60,0,0 55,61,0,0 56,62,0,0 102,0,204,255 0,0,15,0 -1000,-1000,-1000,-1000 61,56,0,0 64,56,0,0 64,58,0,0 68,58,0,0 68,57,0,0 69,57,0,0 69,55,0,0 70,55,0,0 70,46,0,0 69,46,0,0 69,44,0,0 68,44,0,0 68,43,0,0 64,43,0,0 64,45,0,0 61,45,0,0 102,0,204,255 0,0,20,0 -1000,-1000,-1000,-1000 70,47,0,0 81,47,0,0 81,42,0,0 79,42,0,0 79,28,0,0 80,28,0,0 80,32,0,0 84,32,0,0 84,24,0,0 75,24,0,0 75,37,0,0 74,37,0,0 74,27,0,0 70,27,0,0 102,0,204,255 0,0,17,0 -1000,-1000,-1000,-1000 82,47,0,0 96,47,0,0 96,35,0,0 98,35,0,0 98,30,0,0 86,30,0,0 86,44,0,0 85,44,0,0 85,34,0,0 82,34,0,0 102,0,204,255 0,0,16,0 -1000,-1000,-1000,-1000 91,65,0,0 95,65,0,0 95,53,0,0 91,53,0,0 102,0,204,255 0,0,25,0 -1000,-1000,-1000,-1000 56,77,0,0 58,77,0,0 58,70,0,0 56,70,0,0 56,71,0,0 54,72,0,0 56,73,0,0 102,0,204,255 0,0,15,0 -1000,-1000,-1000,-1000 61,87,0,0 64,87,0,0 64,90,0,0 68,90,0,0 68,89,0,0 69,89,0,0 69,87,0,0 70,87,0,0 70,77,0,0 69,77,0,0 69,76,0,0 68,76,0,0 68,75,0,0 64,75,0,0 64,77,0,0 61,77,0,0 61,87,0,0 64,87,0,0 64,87,4,0 61,87,4,0 102,0,204,255 0,0,20,0 -1000,-1000,-1000,-1000 73,84,0,0 77,84,0,0 77,78,0,0 73,78,0,0 102,0,204,255 0,0,15,0 -1000,-1000,-1000,-1000 64,99,0,0 73,99,0,0 73,102,0,0 70,102,0,0 70,103,0,0 68,103,0,0 68,104,0,0 64,104,0,0 66,98,0,0 69,98,0,0 69,94,0,0 66,94,0,0 102,0,204,255 0,0,18,0 -1000,-1000,-1000,-1000 70,98,0,0 74,98,0,0 74,95,0,0 70,95,0,0 51,250,224,225 0,0,18,0 -1000,-1000,-1000,-1000 70,93,0,0 74,93,0,0 74,90,0,0 70,90,0,0 51,250,224,225 0,0,18,0 -1000,-1000,-1000,-1000 75,99,0,0 79,99,0,0 79,89,0,0 75,89,0,0 -1000,-1000,-1000,-1000 76,111,0,0 80,111,0,0 80,100,0,0 76,100,0,0 51,250,224,225 0,0,27,0 -1000,-1000,-1000,-1000 84,111,0,0 88,111,0,0 88,100,0,0 84,100,0,0 51,250,224,225 0,0,27,0 -1000,-1000,-1000,-1000 83,99,0,0 88,99,0,0 88,87,0,0 80,87,0,0 80,91,0,0 83,92,0,0 51,250,224,225 0,0,27,0 -1000,-1000,-1000,-1000 92,111,0,0 96,111,0,0 96,90,0,0 97,90,0,0 97,87,0,0 91,87,0,0 91,90,0,0 92,90,0,0 92,103,0,0 91,103,0,0 91,105,0,0 92,105,0,0 51,250,224,225 0,0,17,0 -1000,-1000,-1000,-1000 118,116,0,0 122,116,0,0 122,99,0,0 118,99,0,0 51,250,224,225 0,0,17,0 -1000,-1000,-1000,-1000 111,117,0,0 117,117,0,0 117,105,0,0 111,105,0,0 111,109,0,0 113,109,0,0 113,114,0,0 111,114,0,0 51,250,224,225 0,0,25,0 -1000,-1000,-1000,-1000 119,94,0,0 113,94,0,0 113,68,0,0 119,68,0,0 51,250,224,225 0,0,30,0 -1000,-1000,-1000,-1000 109,94,0,0 103,94,0,0 103,68,0,0 109,68,0,0 51,250,224,225 0,0,30,0 -1000,-1000,-1000,-1000 109,65,0,0 103,65,0,0 103,39,0,0 109,39,0,0 51,250,224,225 0,0,30,0 -1000,-1000,-1000,-1000 119,65,0,0 113,65,0,0 113,39,0,0 119,39,0,0 51,250,224,225 0,0,30,0 -1000,-1000,-1000,-1000 106,37,0,0 101,37,0,0 101,25,0,0 106,25,0,0 153,204,255,255 0,0,24,0 -1000,-1000,-1000,-1000 107,19,0,0 111,19,0,0 111,11,0,0 107,11,0,0 153,204,255,255 0,0,22,0 -1000,-1000,-1000,-1000 92,22,0,0 96,22,0,0 96,13,0,0 92,13,0,0 153,204,255,255 0,0,22,0 -1000,-1000,-1000,-1000 87,22,0,0 91,22,0,0 91,11,0,0 87,11,0,0 153,204,255,255 0,0,22,0 -1000,-1000,-1000,-1000 85,17,0,0 86,17,0,0 86,16,0,0 87,14,0,0 85.5,12,0,0 84,14,0,0 85,16,0,0 153,204,255,255 0,0,22,0 -1000,-1000,-1000,-1000 81,21,0,0 84,21,0,0 84,11,0,0 81,11,0,0 153,204,255,255 0,0,22,0 -1000,-1000,-1000,-1000 70,20,0,0 79,20,0,0 79,16,0,0 70,16,0,0 153,204,255,255 0,0,22,0 -1000,-1000,-1000,-1000 109,29,0,0 112,31,0,0 116,31,0,0 118,29,0,0 118,25,0,0 116,22,0,0 112,22,0,0 109,25,0,0 153,204,255,255 0,0,25,0 -1000,-1000,-1000,-1000 126,29,0,0 120,29,0,0 120,25,0,0 126,25,0,0 232,222,148,255 0,0,22,0 -1000,-1000,-1000,-1000 121,25,0,0 124,25,0,0 124,22,0,0 121,22,0,0 153,204,255,255 0,0,22,0 -1000,-1000,-1000,-1000 125,21,0,0 120,21,0,0 120,12,0,0 125,12,0,0 232,222,148,255 0,0,22,0 -1000,-1000,-1000,-1000 126,21,0,0 131,21,0,0 131,12,0,0 126,12,0,0 39,89,6,255 0,0,22,0 -1000,-1000,-1000,-1000 132,30,0,0 141,30,0,0 141,12,0,0 132,12,0,0 153,204,255,255 0,0,22,0 -1000,-1000,-1000,-1000 143,27,0,0 144,27,0,0 144,28,0,0 146,28,0,0 146,27,0,0 147,27,0,0 147,18,0,0 146,18,0,0 146,14,0,0 145,14,0,0 145,19,0,0 143,19,0,0 153,204,255,255 0,0,22,0 -1000,-1000,-1000,-1000 131,47,0,0 138,47,0,0 138,33,0,0 128,33,0,0 138,36,0,0 131,36,0,0 131,39,0,0 128,39,0,0 128,42,0,0 130,42,0,0 153,204,255,255 0,0,28,0 -1000,-1000,-1000,-1000 140,47,0,0 148,47,0,0 148,33,0,0 140,33,0,0 153,204,255,255 0,0,28,0 -1000,-1000,-1000,-1000 140,60,0,0 144,63,0,0 146,63,0,0 150,60,0,0 150,58,0,0 146,54,0,0 144,54,0,0 140,58,0,0 255,102,178,255 0,0,20,0 -1000,-1000,-1000,-1000 128,60,0,0 132,63,0,0 134,63,0,0 138,60,0,0 138,58,0,0 134,54,0,0 134,54,0,0 128,58,0,0 255,102,178,255 0,0,20,0 -1000,-1000,-1000,-1000 141,81,0,0 142,82,0,0 146,82,0,0 147,81,0,0 147,70,0,0 144,70,0,0 141,73,0,0 255,102,178,255 0,0,21,0 -1000,-1000,-1000,-1000 133,70,0,0 132,71,0,0 132,81,0,0 133,82,0,0 137,82,0,0 138,81,0,0 138,73,0,0 135,70,0,0 255,102,178,255 0,0,21,0 -1000,-1000,-1000,-1000 133,92,0,0 148,92,0,0 148,84,0,0 133,84,0,0 255,102,178,255 0,0,20,0 -1000,-1000,-1000,-1000 134,117,0,0 139,118,0,0 141,101,0,0 135,100,0,0 255,102,178,255 0,0,24,0 -1000,-1000,-1000,-1000 140,122,0,0 151,123,0,0 152,121,0,0 143,120,0,0 145,101,0,0 142,101,0,0 255,102,178,255 0,0,25,0 -1000,-1000,-1000,-1000 143,120,0,0 147,120,0,0 147,113,0,0 144,113,0,0 255,102,178,255 0,0,25,0 -1000,-1000,-1000,-1000 146,111,0,0 155,112,0,0 155,107,0,0 146,107,0,0 255,102,178,255 0,0,25,0 -1000,-1000,-1000,-1000 157,99,0,0 162,99,0,0 160,125,0,0 156,125,0,0 156,124,0,0 154,124,0,0 154,121,0,0 156,121,0,0 158,106,0,0 157,106,0,0 255,102,178,255 0,0,25,0 -1000,-1000,-1000,-1000 166,103,0,0 172,103,0,0 172,99,0,0 166,99,0,0 255,102,178,255 0,0,23,0 -1000,-1000,-1000,-1000 173,103,0,0 175,103,0,0 175,99,0,0 173,99,0,0 255,178,102,255 0,0,23,0 -1000,-1000,-1000,-1000 173,110,0,0 177,110,0,0 177,104,0,0 173,104,0,0 255,178,102,255 0,0,23,0 -1000,-1000,-1000,-1000 165,109,0,0 172,109,0,0 172,105,0,0 165,104,0,0 255,178,102,255 0,0,23,0 -1000,-1000,-1000,-1000 156,82,0,0 169,82,0,0 169,71,0,0 156,71,0,0 255,178,102,255 0,0,41,0 -1000,-1000,-1000,-1000 155,62,0,0 169,62,0,0 169,61,0,0 170,61,0,0 170,60,0,0 171,60,0,0 171,52,0,0 167,52,0,0 167,54,0,0 155,54,0,0 255,178,102,255 0,0,42,0 -1000,-1000,-1000,-1000 155,52,0,0 165,52,0,0 165,42,0,0 155,42,0,0 255,178,102,255 0,0,45,0 -1000,-1000,-1000,-1000 149,29,0,0 153,29,0,0 153,27,0,0 156,27,0,0 156,25,0,0 153,25,0,0 153,21,0,0 149,21,0,0 255,178,102,255 0,0,27,0 -1000,-1000,-1000,-1000 149,21,0,0 156,21,0,0 156,19,0,0 149,19,0,0 255,178,102,255 0,0,27,0 -1000,-1000,-1000,-1000 151,19,0,0 154,19,0,0 154,14,0,0 151,14,0,0 255,178,102,255 0,0,27,0 -1000,-1000,-1000,-1000 156,33,0,0 159,33,0,0 159,16,0,0 156,16,0,0 255,178,102,255 0,0,27,0 -1000,-1000,-1000,-1000 160,37,0,0 163,37,0,0 163,19,0,0 160,19,0,0 255,178,102,255 0,0,27,0 -1000,-1000,-1000,-1000 165,37,0,0 168,37,0,0 168,19,0,0 165,19,0,0 255,178,102,255 0,0,22,0 -1000,-1000,-1000,-1000 91,81,0,0 95,81,0,0 95,69,0,0 91,69,0,0 102,0,204,255 0,0,25,0 -1000,-1000,-1000,-1000 125,92,0,0 132,92,0,0 132,84,0,0 125,84,0,0 255,102,178,255 0,0,22,0;

ground 52,5,0,0 52,125,0,0 184,125,0,0 184,5,0,0 255,255,255,255 0,0,0,0; 