head 26,0,0,1 48,14,0,1 45,32,0,0 52,28,0,1 49,43,0,1 44,45,0,0 31,45,0,0 29,43,0,1 26,43,0,1 23,43,0,1 21,45,0,0 8,45,0,0 3,43,0,1 0,28,0,1 7,32,0,0 4,14,0,1 255,232,186,255;
right_eyebrow 24,24,0,0 21,24,0,0 16,22,0,1 12,23,0,0 15,20,0,1 89,86,80,255;
left_eyebrow 28,24,0,0 31,24,0,0 36,22,0,1 40,23,0,0 37,20,0,1 89,86,80,255;
right_eye 21,28,0,0 19,26,0,1 15,26,0,1 13,28,0,0 17,29,0,1 245,245,245,255;
left_eye 31,28,0,0 33,26,0,1 37,26,0,1 39,28,0,0 35,29,0,1 245,245,245,255;
right_eyeball 17,25,0,1 19,27,0,1 17,29,0,1 15,27,0,1 0,0,0,255;
left_eyeball 35,25,0,1 33,27,0,1 35,29,0,1 37,27,0,1 0,0,0,255;
nose 24,30,0,0 20,37,0,1 21,39,0,1 23,39,0,0 22,38,0,1 23,37,0,1 25,37,0,1 25,39,0,0 27,39,0,0 27,37,0,1 29,37,0,1 30,38,0,1 29,39,0,0 31,39,0,1 32,37,0,1 28,30,0,0 32,37,0,1 31,39,0,1 29,39,0,0 30,38,0,1 29,37,0,1 27,37,0,1 27,39,0,0 25,39,0,0 25,37,0,1 23,37,0,1 22,38,0,1 23,39,0,0 21,39,0,1 20,37,0,1 242,215,181,255;
upper_lip 26,43,0,0 27,42,0,0 29,43,0,1 32,44,0,0 31,45,0,0 28,44,0,1 26,45,0,1 24,44,0,1 21,45,0,0 20,44,0,0 23,43,0,1 25,42,0,0 250,150,125,255;
lower_lip 28,44,0,1 31,45,0,0 26,46,0,1 21,45,0,0 24,44,0,1 250,178,160,255;
jaw 26,46,0,1 31,45,0,0 38,30,0,1 42,30,0,1 44,45,0,0 43,55,0,1 32,61,0,1 20,61,0,1 9,55,0,1 8,45,0,0 10,30,0,1 14,30,0,1 21,45,0,0 255,232,186,255;